0,450
95,4
95,3
95,2
95,1
95,0
94,4
94,3
94,2
94,1
94,0
72,0
93,4
93,3
93,2
93,1
93,0
92,52
92,51
92,50
92,49
92,48
92,47
92,46
92,45
92,44
92,43
92,42
92,41
92,40
92,39
92,38
92,37
92,36
92,35
88,3
88,2
88,1
88,0
83,4
83,3
83,2
83,1
83,0
80,4
80,3
80,2
80,1
80,0
72,4
72,3
72,2
72,1
20,3
20,2
20,1
19,3
19,2
19,1
12,3
12,2
12,1
11,3
18,1
18,3
14,1
14,3
13,1
13,3
11,2
11,1
10,3
10,2
10,1
9,3
9,2
9,1
8,3
8,2
8,1
3,3
3,2
3,1
2,3
2,2
2,1
0,408
0,278
0,9
0,0
92,34
92,33
92,32
92,31
92,30
92,29
92,28
92,27
92,26
92,25
92,24
